r =

 Columns 1 through 7:

   0.50000   0.64103   0.78205   0.92308   1.06410   1.20513   1.34615

 Columns 8 through 14:

   1.48718   1.62821   1.76923   1.91026   2.05128   2.19231   2.33333

 Columns 15 through 21:

   2.47436   2.61538   2.75641   2.89744   3.03846   3.17949   3.32051

 Columns 22 through 28:

   3.46154   3.60256   3.74359   3.88462   4.02564   4.16667   4.30769

 Columns 29 through 35:

   4.44872   4.58974   4.73077   4.87179   5.01282   5.15385   5.29487

 Columns 36 through 40:

   5.43590   5.57692   5.71795   5.85897   6.00000

